0.083597
4.38236
30.4761
473.485
1289.26
3747.85
29988.8
0.12193
2.68434
15.5324
234.764
647.046
1868.55
15020.4
0.13788
1.64173
10.4285
158.031
431.696
1257.14
9997.99
0.15926
1.30155
7.97137
119.727
324.796
944.224
7593.65
0.199566
0.980747
6.40668
95.1732
258.149
751.58
5986.45
0.203412
0.951791
5.64138
82.2752
223.553
636.726
5033.71
0.226336
1.48442
8.61626
118.99
293.143
809.882
6424.72
0.297871
1.28197
7.62843
109.754
261.665
723.88
5597.18
0.341863
1.1662
6.98833
102.764
241.028
660.432
5476.5
0.334148
1.05673
6.30793
92.4993
258.14
693.481
5272.49
0.36174
1.00956
5.74216
84.4628
232.083
670.965
5125.89
0.401325
1.17833
5.46657
86.239
221.934
632.466
5001.89
0.385866
1.11367
7.0309
94.4929
259.149
692.725
5107.72
0.421423
1.28842
6.55151
98.3918
246.509
696.247
5183.58
0.450597
1.24553
7.80953
94.4604
251.584
657.814
5028.47
0.473961
1.27366
7.52168
97.8789
239.016
682.009
5095.7
0.487988
1.31558
5.72836
90.3917
225.378
658.056
5024.05
0.558761
1.13947
7.17321
87.0887
232.657
652.826
5186
0.641396
1.47455
6.65152
85.8446
239.923
653.96
5125.2
0.537541
1.39782
6.44068
86.7634
237.673
646.857
4967.16
0.793562
1.32466
6.91049
89.0722
224.931
645.479
5041.41
0.832284
1.2437
5.86264
85.1253
220.8
632.135
5006.15
0.676722
1.14939
5.67718
82.236
220.733
635.277
5007.42
0.70197
1.16772
5.30288
81.1258
217.028
624.349
5028.53
0.699114
1.08706
6.30415
80.7771
231.421
633.918
5066.61
0.708552
1.23315
6.70357
80.9388
226.244
650.667
4970.54
0.75525
0.986253
6.42338
80.9883
219.549
634.297
4972.26
0.761241
1.19066
5.79417
80.1093
220.076
633.408
5018.86
0.76111
1.20989
5.66828
80.6967
220.153
634.983
5013.65
0.940638
1.15956
6.3457
80.2623
219.83
628.582
5009.29
0.849817
1.28683
6.18506
80.8412
222.861
637.663
5007.59
0.842183
1.30455
5.83448
80.4689
215.68
626.256
4989.45
0.947961
1.29124
6.63467
81.0311
216.746
625.062
5013.25
0.954884
1.20745
5.91674
81.7628
220.985
637.302
4981.25
0.969732
1.41688
5.61059
79.3803
217.004
623.191
4995.56
1.32447
1.26433
5.82336
79.0078
221.54
639.021
4960.71
0.977096
1.25271
6.01069
79.493
216.091
627.146
4981.11
1.02682
1.36729
6.65504
79.5062
218.42
629.373
4968.84
1.01462
1.38192
6.25955
81.4677
214.478
634.185
4988.28
1.11168
1.48052
5.75532
79.5867
217.519
634.92
4990.1
1.09396
1.35417
6.06196
78.184
217.56
623.839
4983.34
1.11502
1.37556
6.01256
80.4054
214.844
622.651
4976.99
1.13587
1.40976
5.95229
79.6832
217.398
631.001
4962.97
1.28653
1.47839
5.76564
79.1579
216.727
626.981
5041.39
1.18859
1.3964
5.74136
79.7991
216.165
624.783
4963.86
1.22723
1.46847
6.64184
79.2292
217.724
624.906
8424.18
1.6246
1.52429
6.25184
80.1079
217.871
627.981
4983.18
1.42997
1.65023
6.04186
79.7435
217.598
635.77
4957.91
1.43126
1.56047
6.13272
80.3519
218.033
625.139
4994.74
1.36125
1.57776
6.1087
79.7617
213.217
629.061
4970.71
1.38192
1.59264
5.82956
79.8305
216.714
628.095
4969.22
1.36188
1.77822
5.98375
78.6541
215.87
634.337
4951.57
1.41176
1.65943
5.97048
82.8029
217.922
620.815
4963.79
1.58073
1.80627
6.16039
79.6906
214.884
628.254
4991.75
1.77861
1.69432
5.94117
79.8579
216.063
628.855
4998.25
1.46452
1.66351
6.95608
78.5196
215.426
639.074
4963.63
1.67926
1.73481
6.10312
79.3049
217.727
620.442
4974.12
1.5198
1.69555
6.16601
79.0342
216.444
638.467
5003.03
1.66838
1.74993
6.74891
78.4087
220.421
623.802
4967.7
1.86221
1.78834
6.19961
80.5105
215.498
627.776
5152.08
1.6417
1.78077
7.88945
79.5835
220.259
628.055
4971.34
1.63899
1.98526
6.64076
82.7335
219.362
627.634
4962.31
1.69752
1.94584
6.38057
80.8975
225.169
621.734
4957.86
1.66809
1.94946
6.3804
79.9594
218.854
625.437
4970.77
1.76089
1.89243
6.39904
78.8437
216.586
619.836
5002.46
1.76124
1.92983
5.9171
79.8115
217.91
625.56
4963.13
1.74578
2.01255
6.19285
79.4968
214.786
634.297
4982.4
1.76724
2.09666
6.68434
78.7503
216.34
621.599
4966.7
1.81028
1.89741
6.24927
78.7994
219.129
630.003
4974.42
1.89426
2.01265
6.30937
79.336
215.659
625.405
4958.85
1.87257
2.03342
6.46178
78.7734
214.684
623.937
4952.03
1.88533
2.12551
6.35679
79.4353
214.573
626.191
4952.37
1.92266
2.02959
7.04487
79.362
214.413
625.199
4968.33
2.04433
2.20753
6.01167
80.2928
215.45
630.808
4965.75
1.92165
2.1842
6.63493
79.8258
215.33
624.227
4966.3
1.96017
2.19649
6.11129
81.3228
216.814
623.233
4964.74
2.14473
2.14743
6.56403
79.9359
216.15
625.386
4967.62
2.09759
2.16902
6.24991
78.9077
218.394
624.005
4950.02
2.06196
2.15579
6.13135
79.0709
228.096
626.872
4954.49
2.16732
2.30239
6.45267
79.0754
233.547
629.016
4944.34
2.16986
2.2729
6.31858
79.5026
216.947
623.184
4961.25
2.14328
2.36092
6.42573
79.4177
215.859
622.318
4970.91
2.1391
2.32299
6.5566
79.5086
213.902
623.403
4941.39
2.17336
2.38547
6.29251
80.3979
215.841
622.485
4958.3
2.25379
2.35361
6.69652
78.6486
217.253
623.106
4940.52
2.22908
2.41148
6.2996
79.6194
215.131
622.884
4966.63
2.31313
2.38205
6.31693
79.0506
217.128
621.678
4949.96
2.50593
2.47729
6.09837
79.4899
214.89
622.542
4951.99
2.34762
2.54092
6.57332
79.6754
214.377
624.989
4948.3
2.30221
2.44453
6.33662
79.4739
214.544
625.973
4954.75
2.43725
2.45763
6.79188
79.4764
215.342
621.265
4944.99
2.39044
2.44083
6.83724
78.554
216.378
623.212
4942.3
2.39496
2.55213
6.57129
79.6867
214.26
623.507
4945.48
2.46719
2.51269
6.34921
79.6558
214.014
628.136
4956.45
2.73843
2.82506
7.37746
83.4206
213.457
624.258
4943.82
2.48009
2.68738
6.87827
78.9174
214.497
623.064
5250.33
2.55939
2.71863
6.68832
78.819
214.859
621.746
4937.25
2.52581
2.6964
6.92444
79.9777
214.332
619.751
4955.88
2.56791
2.71572
6.38751
79.3402
225.684
620.363
6187.05
2.67567
2.66719
6.33165
79.1809
215.001
622.018
5103.33
2.77769
2.66128
6.67208
80.0369
221.742
621.275
4943.8
2.68852
2.75531
6.79735
79.6326
214.215
622.197
4961.55
2.7947
2.81242
7.07021
79.5183
215.671
624.047
4955.22
2.77158
2.89998
6.95743
79.5
215.352
628.113
6511.5
2.95486
2.89844
6.81903
80.1426
213.787
623.99
4945.04
2.826
2.85907
7.01419
86.566
215.408
620.568
4940.47
2.95464
2.96383
6.64328
79.7199
215.987
623.817
4961.85
2.88697
2.86165
7.24275
83.6378
215.637
621.065
4957.74
2.87109
2.94229
7.19301
79.1364
215.029
622.805
4949.38
2.87623
3.04342
7.22659
79.5868
214.536
631.988
4965.94
2.93146
3.0784
6.57309
79.1746
214.037
625.908
4964.08
2.96355
2.92763
6.68367
79.1254
215.573
621.652
4954.78
2.94389
3.04916
7.78394
81.18
214.977
624.506
4952.43
3.03937
3.04539
6.96059
81.1397
217.891
619.63
4960.29
3.14052
3.32587
7.04804
80.7812
214.056
623.558
4963.52
3.01769
3.11367
7.63443
79.1605
214.143
621.39
4964.41
3.21755
3.10482
7.12432
80.8129
213.516
625.748
4955.9
3.08053
3.181
7.49533
79.0881
213.993
621.267
4940.86
3.13376
3.23576
6.89694
79.8098
214.481
633.598
4954.76
3.22848
3.19004
7.09865
79.8719
215.641
621.018
4947.56
3.20832
3.14876
7.2546
79.7899
213.633
622.192
4958.99
3.19015
3.17137
7.6259
79.3422
214.211
623.12
4939.96
3.13319
3.34107
6.89455
79.6108
215.187
620.301
4941.65
3.34953
3.38529
7.16373
78.9636
214.174
620.583
4952.84
3.41923
3.3901
7.04826
78.782
214.261
620.335
4939.53
3.30085
3.19509
8.22779
79.4982
215.858
622.114
4952.64
3.41518
3.25956
7.1529
79.595
213.4
622.731
4940.55
3.30751
3.48502
7.05338
79.956
216.291
622.765
4957.99
3.49908
3.53964
7.17881
79.2881
215.394
622.373
4942.46
3.48885
3.52712
6.84224
80.0492
214.859
620.755
4945.43
3.45034
3.46688
7.11154
78.9092
215.151
621.827
4954.96
3.54251
3.5912
7.21277
79.4906
216.29
621.679
4951.29
3.74563
3.62587
7.01703
79.0816
215.751
625.252
4941.57
3.58198
3.51023
7.21592
83.3081
214.393
623.026
4937.48
3.54022
3.55641
7.71803
80.0931
214.458
623.667
4937.96
3.51626
3.64138
8.06447
93.0717
255.075
622.488
4941.24
3.63453
3.73876
7.13602
79.2359
214.054
621.695
4950.86
3.67028
3.61581
7.19273
78.7236
214.673
623.663
4938.89
3.71639
4.04534
7.41844
80.2975
214.724
624.305
4946.87
3.65611
3.58827
7.3138
79.2375
217.006
622.273
4940.72
3.68922
3.71233
7.35314
79.7068
227.455
622.286
4954.43
3.74985
3.81423
7.56033
78.9863
214.369
623.805
4945.11
3.74912
3.81032
7.38604
95.7801
214.438
621.121
4948.13
3.8793
3.81741
7.60569
79.7491
214.683
623.387
4948.15
3.74338
3.85048
7.10455
79.4657
214.973
620.684
4953.88
3.81125
3.82913
7.31366
80.508
214.641
623.02
4951.39
3.85267
3.83057
6.63821
79.6176
214.904
624.307
4937.01
3.74112
3.80614
6.90169
80.2583
213.632
622.203
4954.23
3.76801
3.94416
7.38357
79.1668
214.516
620.161
4938.04
3.99288
3.89831
7.52392
79.6413
224.727
620.362
4958.55
3.89418
3.93012
7.21904
79.4651
215.187
620.307
4953.95
3.84386
4.20864
7.54702
79.5311
215.054
621.37
4955.07
4.12946
3.89077
7.36503
79.0736
214.81
620.992
4943.33
3.96379
4.10738
7.34266
79.0724
214.17
622.521
4950.65
3.97643
4.06548
7.31334
79.8469
218.255
620.234
4953.24
4.13558
4.0179
7.29415
79.5103
213.738
623.114
4949.96
4.26124
4.11888
7.40669
79.1246
214.306
622.88
4937.84
4.16519
4.01687
8.02425
79.7718
213.475
623.467
4954.25
4.04065
4.0903
7.4995
80.2095
215.373
620.419
4948.19
4.17749
4.34569
7.32422
82.1182
214.801
623.298
4941.04
4.12627
4.17143
7.4047
79.5586
215.74
622.73
4946.64
4.17417
4.5995
7.19357
80.2625
215.288
620.211
4949.76
4.19668
4.44809
7.2796
79.2645
214.65
623.398
4964.08
4.4152
4.60442
7.26304
80.4243
214.951
623.956
4953.39
4.16367
4.37739
7.5801
79.0238
217.119
620.303
4944.14
4.33983
4.27872
7.92712
82.0158
215.452
621.704
4958.47
4.36624
4.33041
7.43575
78.9908
213.951
620.842
5888.61
4.44859
4.18284
7.75493
80.6841
214.354
622.331
4950.29
4.42443
4.43391
7.63868
80.0235
213.972
620.108
4940.83
4.48882
4.57007
7.2788
80.4632
213.944
625.075
4940.31
4.36722
4.52004
7.27953
79.3201
218.239
621.775
4942.43
4.46292
4.38939
7.50797
79.2709
214.293
622.449
4953.83
4.51267
4.45544
7.38562
79.117
213.87
624.54
4939.01
4.54692
4.54662
7.51631
80.3127
216.034
621.284
4952.97
4.63296
4.36407
7.55495
80.3639
213.881
623.353
4936.97
4.43583
4.95671
7.52505
80.3297
214.724
620.767
4942.27
4.90108
4.91206
7.107
79.0052
214.868
622.115
4955.54
4.60748
4.68458
8.00982
79.5947
214.949
620.294
4954.64
4.48163
4.50542
7.99744
80.4829
214.437
619.837
4941.13
4.60562
4.89129
7.75604
81.219
214.794
620.549
4945.7
4.68109
4.74314
7.83063
80.4743
215.079
623.032
4960.73
4.77138
4.69613
7.57907
81.348
214.193
622.452
4936.4
4.69483
4.7865
8.01491
79.8061
214.36
621.587
4937.15
4.91434
4.92176
7.42737
80.7643
214.491
621.939
4954.55
4.87594
4.86841
7.38823
80.8198
214.251
622.634
5173.45
4.85658
4.78393
7.53281
79.3349
215.365
622.259
4938.68
5.15602
4.85404
9.33086
79.5252
214.513
620.584
4949.12
4.98811
4.97718
7.6922
79.753
214.43
623.558
4941.04
5.0041
4.83013
8.07038
79.6949
225.267
621.261
4937.3
4.80026
4.95254
7.59899
80.5973
214.445
622.919
4950.11
4.93932
4.94178
7.64331
79.9342
215.342
621.764
4940.76
4.99501
4.83646
7.51403
80.0763
214.136
621.348
4947.35
4.96464
5.02963
7.88607
80.477
214.662
625.563
4951.3
5.13372
4.94933
7.77936
81.8722
214.77
622.735
4957.86
5.22666
5.02699
7.46438
80.2188
215.601
621.435
4953.93
5.22861
5.07948
7.82025
80.1508
215.571
633.318
4940.71
5.03746
5.11149
7.74139
79.2269
213.857
619.751
4935.24
5.02115
5.05247
7.84168
79.9736
214.121
621.65
4952.66
5.15221
4.98776
8.7647
79.9106
214.303
620.216
5034.25
5.55385
5.19734
7.38467
80.0039
214.925
620.872
4935.99
5.29139
5.28686
7.73299
80.8292
214.524
619.26
4947.32
5.07023
5.2253
7.78798
79.7619
214.919
620.159
4946.56
5.39108
5.36471
7.96183
81.1568
222.539
620.079
4950.98
5.24402
5.20203
8.47852
79.3313
214.048
621.492
4947.09
5.219
5.28652
7.87261
79.8698
214.554
622.055
4936.69
5.37997
5.35058
7.74824
80.3263
230.663
622.854
4971.23
5.35964
5.36615
8.27651
80.0581
214.767
623.139
4944.68
5.47886
5.5489
7.25853
81.9617
214.571
622.846
4949.95
5.5326
5.35436
7.75331
79.93
215.147
625.106
4948.37
5.68799
5.40222
9.02409
82.6026
214.911
620.969
4936.77
5.46357
5.44791
8.10081
81.2487
215.346
622.821
4933.45
5.265
5.42595
8.00953
91.5518
213.989
621.437
4931.94
5.67698
5.64563
7.94702
83.7345
214.731
619.201
4952.43
5.58704
5.68507
7.68161
80.0346
214.841
621.984
5038.64
5.49383
5.33664
8.6085
79.3412
216.06
620.758
4938.16
5.55451
5.58192
7.90155
80.386
214.89
620.407
4948.36
5.68838
5.51607
8.1763
80.6858
214.963
621.843
5377.87
5.72671
5.52266
7.9939
80.296
215.104
620.966
4936.17
5.76502
5.68811
7.89766
80.3999
214.26
620.693
4949.49
5.63011
5.56203
8.14105
83.9272
214.631
619.971
4934.75
5.76371
5.9464
8.21234
81.9018
216.551
622.481
4943.25
5.68161
5.56895
7.84735
80.4509
214.866
620.978
4942.55
5.82647
5.57073
8.84669
79.9218
214.687
621.263
4948.9
5.74962
7.31695
8.12557
80.0066
213.636
620.993
4933.24
5.86498
5.86098
8.26442
82.7167
215.207
631.674
4932.95
5.88971
5.87462
8.07903
83.3132
214.905
622.242
4934.13
5.78163
5.73934
8.20105
80.7461
214.454
622.545
4933.53
5.98089
6.00728
8.91453
79.9672
215.333
622.28
4934.72
5.88751
5.88858
8.3747
80.3791
214.199
620.49
4947.35
5.93647
5.97173
8.20418
81.3747
215.677
620.593
4930.2
6.03612
5.9992
8.33321
80.8967
214.349
623.06
4934.57
5.89252
5.94351
8.06814
83.3394
214.915
621.913
4946.57
6.08866
5.90385
8.37868
80.3581
215.981
622.652
4945.36
6.58312
6.19101
8.03797
80.553
214.314
620.787
4946.91
6.19749
6.08031
8.22427
79.7996
214.812
622.888
4947.42
6.20282
6.11258
8.05725
81.3067
215.737
621.296
4949.64
6.3484
6.21871
8.40472
81.0804
213.945
620.053
4945.8
6.17501
6.14301
8.48323
79.8168
220.333
620.519
4944.18
6.23427
5.9923
8.47573
80.1392
224.033
630.511
4930.4
6.23535
6.73593
8.63036
80.5632
220.174
621.114
4937.7
6.2267
6.2185
8.65173
83.3565
214.056
619.927
4948.79
6.26666
6.24992
8.18843
82.5873
214.834
620.337
4937.7
6.25397
6.21565
9.12095
79.6898
218.23
622.62
4931.33
6.19986
6.22581
8.8352
80.7819
214.298
623.686
4947.73
6.30853
6.48874
8.75633
80.615
214.88
621.369
4935.35
6.27739
6.11313
8.89253
80.5775
215.264
622.14
4954.24
6.41712
6.59454
8.73691
80.42
215.297
619.623
4937.46
6.24382
6.3137
8.66043
81.8206
217.591
623.225
4934.82
6.37073
6.49771
9.05035
80.6767
218.224
621.947
4955.55
6.32172
6.46136
9.5118
82.8913
216.076
620.128
4945.95
6.44001
6.49625
9.48393
83.1572
215.777
621.568
4934.95
6.42745
6.48508
8.85363
82.3429
215.049
628.72
4944.02
6.45625
6.48808
8.99282
83.3283
226.633
620.878
4941.66
6.50201
6.52023
8.70725
80.3188
216.38
619.415
4943.52
6.62227
6.66888
8.86259
80.2993
215.662
619.856
4937.22
6.53918
6.59292
8.92829
80.8249
215.317
621.362
4943.07
6.64945
6.81988
9.29292
80.9386
216.756
619.993
4943.53
6.59307
6.90788
8.77132
80.3803
215.53
621.385
4943.93
6.69897
6.90355
9.2218
79.7985
216.645
621.345
4930.04
6.6942
6.6838
9.14143
81.4123
215.6
622.475
4943.43
6.76126
6.82905
8.66878
81.3225
227.64
619.752
4933.85
6.8157
6.70896
8.80403
79.9487
214.49
621.627
4933.11
6.97168
7.07113
9.01776
81.0474
215.103
619.202
4943.99
6.60446
6.7852
9.04431
80.007
215.286
619.359
4944.09
6.79474
6.93168
9.83399
82.4794
214.528
619.832
4932.95
6.79391
6.86401
9.29512
81.4337
216.058
620.938
5596.6
7.22274
7.12668
9.06482
80.7126
215.199
620.893
4944.43
6.82717
6.55262
9.57479
80.6156
216.49
619.75
4931.06
7.00858
6.85317
9.09178
81.4801
215.719
620.473
4932.26
6.94126
7.03771
9.46744
81.0259
214.96
622.039
4946.71
6.93364
6.85328
9.26186
81.9659
214.847
622.524
4942.86
7.09279
6.956
9.41562
81.3612
215.922
620.532
4945.19
7.17506
6.90743
10.2315
80.8068
216.423
620.717
4929.32
7.09585
7.02751
9.19693
81.777
229.122
623.063
4932.67
7.04237
7.11554
10.3072
80.1463
214.828
619.123
4947.09
7.26748
7.00067
9.8802
82.201
215.132
665.403
4944.52
7.05309
7.14558
9.79147
82.668
215.811
620.856
4930.61
7.0917
7.2713
9.59789
82.4292
215.686
622.86
4941.19
7.07319
7.08542
9.48653
81.7732
216.178
621.914
4943.52
7.26854
7.27599
9.94179
80.3132
216.292
621.256
4935.19
7.41811
7.32432
10.4582
80.6337
216.146
620.884
4933.71
7.25462
7.42872
9.14213
81.2711
218.217
619.736
4950.07
7.31428
7.51131
10.0303
81.3719
217.594
619.754
4933.96
7.61847
7.19183
10.087
81.5281
215.121
622.952
4950.09
7.39681
7.2531
10.2702
81.7557
214.952
619.943
4929.21
7.37138
7.23344
9.55163
81.3465
216.124
620.929
4939.21
7.3739
7.42024
9.5813
82.3193
224.555
622.233
4927.02
7.30322
7.63743
9.79475
81.0193
216.294
620.24
4941.7
7.3457
7.32071
9.50402
82.0604
215.351
643.611
4942.83
7.3992
7.39946
9.89112
81.6204
215.649
624.026
4941.45
7.42732
7.56807
9.60633
80.4318
218.523
624.797
4927.89
7.30782
7.83567
9.59005
81.9069
215.588
621.544
4944.19
7.63304
7.60382
10.1248
82.5383
215.779
620.862
4930.64
7.46892
7.60986
9.68179
81.5611
215.91
620.361
4943.05
7.55366
7.32755
10.5033
80.9096
214.714
623.312
4927.26
7.54848
7.12115
10.4118
80.3888
215.377
623.146
4940.74
7.57547
7.58516
10.1645
81.9091
215.624
622.956
4928.28
7.91197
7.45921
10.0275
82.1739
217.525
620.923
4930.47
7.63729
7.57585
10.108
81.6747
216.591
619.745
4929.37
7.72045
7.64441
10.0391
91.2823
216.116
623.335
4941.62
7.67451
8.2631
9.77692
83.8203
216.032
623.041
4986.72
7.79352
7.5052
10.4536
83.0053
217.433
621.192
4942.13
7.82834
7.91069
10.2328
81.9605
216.362
622.246
4935.5
8.3678
7.72072
9.86084
81.2986
216.236
622.186
4929.6
7.71202
7.66384
10.2175
81.166
216.104
621.541
4944.56
7.85155
7.80723
10.3706
83.0573
215.493
620.752
4940.35
7.77951
7.58338
10.4279
81.9393
215.772
667.316
4941.81
7.96182
7.8517
10.1876
81.1137
216.173
622.748
4943.03
7.95322
8.04276
10.0985
82.8422
216.69
623.092
4944.5
7.84448
8.18232
10.8585
82.2694
216.236
621.437
4941.71
7.84408
7.84854
10.8185
84.0775
215.905
619.97
4943.92
7.98613
7.85259
9.96141
84.8455
219.016
621.255
4939.44
7.9719
7.90483
10.5422
80.5638
214.988
621.162
5051.61
7.95458
7.83019
10.0733
82.9381
217.079
622.575
5885.92
8.17242
8.30588
10.2949
80.4572
215.231
620.43
4930.07
7.95108
8.06668
11.384
82.369
214.614
623.656
4943.15
8.21785
8.09889
10.249
82.6406
216.619
621.645
4944.4
8.27224
8.1202
10.5677
81.6656
216.248
621.263
4941.09
8.29441
8.35646
10.6822
81.9376
217.471
621.984
4943.67
8.20492
7.91178
10.3912
83.0093
218.706
636.579
4929.36
8.22404
8.12528
10.8033
81.6548
215.746
620.821
4929.89
8.38922
8.51929
10.8653
82.9795
215.938
623.505
4928.51
8.70162
8.33918
10.4387
82.6474
216.576
620.447
4958.66
8.44087
8.19247
10.7169
83.4238
215.317
620.807
4949.73
8.5755
8.21451
10.6562
81.4769
216.196
620.655
4926.96
7.9275
8.68264
11.5497
84.4907
215.542
620.829
4946.38
8.61649
8.40301
11.1979
83.9764
216.282
619.529
4934.43
8.06754
8.29286
10.4713
84.4785
217.765
622.646
4932.38
8.62158
8.71017
10.3691
81.4269
217.48
621.381
4932.65
8.93704
8.44053
10.8021
82.5616
217.267
623.037
4946.73
8.39989
8.40984
10.6259
82.6397
215.692
623.406
4935.16
8.56531
8.37345
11.6466
81.5879
215.427
620.572
4947.01
8.5827
8.48523
11.5309
92.3463
217.826
620.754
4941.49
8.52464
8.42213
10.7571
82.2857
217.09
620.452
4926.32
8.63652
8.77802
11.5985
82.855
217.325
620.477
4940.4
8.67942
8.49939
11.0128
81.631
215.392
620.391
4941.41
8.74202
8.58451
11.2729
82.9779
217.315
622.337
4926.44
8.87952
9.0029
10.8
82.7017
216.337
620.941
4925.85
8.73354
8.43329
10.6694
82.1287
217.071
621.835
5096.37
8.90051
8.38437
11.0899
81.3841
219.565
622.44
4940.78
8.70154
8.69834
11.4888
80.7467
215.357
622.133
4939.73
8.7619
9.21092
12.093
83.2712
215.5
620.814
4927.34
8.84324
8.78147
11.4536
86.9929
216.405
619.858
4933.15
8.6532
8.94031
10.9618
80.8852
215.351
621.205
4927.48
8.76324
8.80634
10.9748
80.7765
223.074
622.103
4942.13
8.952
9.11766
11.3745
82.0733
217.492
619.5
4930.2
8.83422
8.76455
11.1793
83.0621
216.468
621.543
4927.1
9.1941
8.96922
11.7525
87.1248
217.065
620.751
4927.37
8.84255
8.6688
11.8185
82.9727
217.579
621.854
4927.39
8.89185
8.98284
12.3789
82.9711
220.007
622.629
4926.12
8.95972
9.03501
11.029
82.7277
216.681
620.219
4941.73
9.07955
8.92366
11.2316
82.3396
222.855
621.923
4928.28
9.26804
8.82177
11.9926
83.3024
229.612
641.685
4928.88
9.1693
8.89603
11.8806
83.4329
219.148
621.803
4940.55
9.02391
9.11876
11.8875
81.5719
217.478
620.515
4927.47
8.80781
9.35294
11.3073
83.8848
217.339
623.248
4929.43
8.80504
9.00374
11.3786
83.2951
216.149
620.505
4940.72
9.18841
9.30134
11.3526
80.9944
217.638
621.788
4941.27
9.25085
9.05226
11.4554
82.1309
216.1
622.51
4927.05
9.24741
9.21599
11.784
82.6124
216.782
623.981
4926.34
9.39514
9.15966
11.4661
82.7626
217.087
621.335
4928.73
9.64695
9.40993
11.5494
83.5157
215.801
620.684
4927.84
9.59247
9.24912
11.5552
83.4418
216.104
625.516
4945.32
9.3709
9.01397
11.5302
84.4817
217.529
621.714
4928.15
9.4763
9.54762
12.0961
95.0423
216.472
624.163
4926.78
9.55926
9.0257
12.4477
82.0564
217.83
620.641
4926.89
9.24398
9.56045
13.0208
84.5212
217.714
620.515
4940.39
9.67199
9.1917
11.5841
81.3493
215.275
623.408
4944.86
9.40487
9.34809
12.1723
82.7741
216.736
622.323
4941.49
9.47399
9.29446
11.8302
83.9935
216.587
623.494
4929.55
9.49196
9.3808
13.1383
81.4816
219.506
621.846
4926.5
9.5581
9.6319
11.8893
83.0764
215.435
621.978
4928.03
9.33551
9.78806
11.9246
83.0357
215.836
622.588
4942.66
9.75824
9.30282
11.7737
82.6165
216.184
627.252
4926.83
9.65648
9.6293
12.1732
81.0553
216.701
623.657
4941.06
9.67599
9.55954
15.7104
85.2768
218.019
622.663
4930.12
9.55987
9.60037
12.11
96.1287
217.258
621.333
4927.96
9.51688
9.56507
13.0433
82.467
217.177
623.8
4928.34
9.85985
9.19676
12.0384
82.8981
216.264
621.226
4939.61
9.765
9.47527
11.9235
82.5592
217.12
621.891
4942.3
9.81915
9.86023
11.6838
82.8896
217.712
620.981
4945.19
9.78751
9.62187
12.4224
83.8491
215.527
621.021
4928.11
9.77313
9.97251
11.7183
84.0803
216.99
621.044
4943.41
10.1156
9.68882
12.1734
82.8232
217.01
623.37
4942.94
9.62091
9.85392
12.2455
83.8591
216.529
620.041
4930.08
10.0436
9.73385
12.2955
83.3205
219.25
621.973
4933.46
10.0354
9.6837
12.4359
90.8649
217.535
620.493
4942.08
9.91816
9.81172
13.4715
83.8169
215.279
621.165
4940.09
9.96268
9.88022
12.4718
83.1143
216.636
622.845
4931.92
10.0605
9.72461
12.1807
86.0588
216.529
622.785
4927.85
10.0682
9.94298
12.434
84.6624
218.328
622.917
4946.85
9.97101
9.80386
12.7127
82.6203
238.426
620.627
4945.37
10.0706
9.8133
12.1149
84.4748
220.924
663.29
4937.98
10.2369
9.7811
11.9862
82.2737
216.277
622.089
4947.25
10.1135
10.0422
12.6728
82.6927
217.067
620.955
4952.76
10.0428
10.6233
12.7361
83.1198
219.071
623.141
4945.5
9.94668
9.92904
13.6998
86.0665
216.732
624.089
4930.33
10.1717
10.1959
12.4946
84.5728
216.242
623.185
4936.73
10.24
10.6231
12.4963
83.2398
216.451
622.796
4931.68
10.1774
10.5315
12.1909
84.7425
216.434
632.23
4942.3
10.1786
10.3398
12.871
82.0199
216.42
620.621
4936.23
9.82635
10.1471
12.3697
86.3441
216.122
621.065
4940.21
10.339
10.2404
12.4873
84.2087
217.108
622.423
4936.69
10.5414
10.2736
12.4752
82.9424
216.612
621.773
4940.38
10.4375
10.4869
12.6021
84.6035
219.022
620.926
4927.2
10.2408
9.95535
12.9782
85.2898
215.914
622.039
4925.88
10.2239
10.4524
12.4744
83.4202
216.802
628.201
4926.59
10.4742
10.8513
13.1193
87.206
217.249
621.515
4924.54
10.4183
10.5038
13.4061
84.054
216.851
623.209
4937.26
10.3517
10.1369
13.0808
84.7208
216.253
622.065
4925.12
10.567
10.7534
12.6531
83.8775
216.18
622.448
4941.44
10.291
10.1894
14.1978
85.1494
217.769
623.48
4924.24
10.5637
10.0982
13.2427
84.8519
218.952
624.173
4937.05
10.5498
10.5353
13.6946
84.047
217.488
623.276
4926.22
10.5212
10.8769
12.999
83.9534
217.432
624.007
4936.98
10.6744
10.9119
12.3822
81.8871
217.741
622.784
4926.3
10.7554
10.5776
13.4404
82.0047
216.863
622.318
4938.24
10.6389
10.3033
12.6935
84.321
217.826
621.639
4925.97
10.6748
10.882
12.5732
85.5326
217.753
622.949
4923.21
10.9091
10.8518
13.8304
84.3217
218.185
623.214
4938.93
11.0346
10.6965
13.0412
83.0592
217.462
706.666
4998.15
11.228
10.5389
13.3702
83.9371
217.152
623.966
4937.79
10.8173
10.5743
13.5185
82.798
217.841
623.717
4923.15
10.7102
11.317
13.2
84.0084
216.735
621.151
4924.67
11.1025
10.8913
13.5398
85.7086
217.641
624.408
4924.7
10.9047
10.6604
13.2741
84.4756
219.153
621.542
4923.83
11.0186
10.9229
13.1239
86.2786
218.336
623.339
4937.43
10.9442
10.5334
13.4165
82.4385
217.265
623.346
4926.75
11.0934
10.4924
13.644
84.2847
220.02
623.483
4941.58
11.088
10.7265
13.4029
82.2731
227.281
622.04
4938.74
11.0523
10.6841
13.3383
85.6389
218.522
621.808
4939.76
10.9119
10.8001
13.2516
85.6693
217.132
621.762
4924.85
11.1074
10.8194
13.893
84.7567
217.751
623.094
4940.87
11.1765
10.5561
13.4227
84.131
217.162
622.277
4937.7
11.0188
10.9808
13.6448
83.7594
216.951
621.232
4939.83
10.8765
11.2672
14.5104
84.0634
217.773
623.727
4925.36
11.1825
10.8849
13.5562
85.9513
219.347
623.193
4924.77
11.1576
11.2132
14.4811
82.5523
217.471
621.909
4940.07
11.1917
10.7674
14.0002
85.9377
218.254
624.329
4938.46
11.0048
11.209
13.6006
83.1841
217.847
622.276
4926.6
11.4766
11.4862
13.4646
84.0828
218.009
623.893
4938.64
11.234
11.1815
13.8843
86.0757
216.343
624.653
4942.11
11.5383
11.1962
13.6762
84.3471
220.386
623.078
4926.8
11.3939
10.9579
15.0591
83.737
216.66
621.784
4925.94
11.4545
11.6971
13.6699
84.5231
218.099
627.164
4926.01
11.301
10.9396
13.0685
82.8802
218.179
623.836
4927.89
11.5199
11.4934
13.6676
82.1757
217.73
621.796
4930.48
11.5933
11.3588
13.6615
85.4058
217.618
638.92
5347.53
11.5508
11.3176
13.743
84.7774
217.62
634.888
4925.46
11.5109
11.1016
14.1576
84.2311
216.418
622.123
4925.94
11.5481
11.5349
13.8029
82.4185
218.191
623.851
4938.8
11.724
11.713
13.7782
87.6325
219.201
621.846
4927.16
11.3391
11.5142
14.9159
84.6173
216.346
623.653
4938.15
11.6086
11.8122
14.4092
83.9275
224.037
622.411
4928.2
11.9039
11.4499
14.2543
83.3455
218.576
623.233
4937.79
11.4318
11.797
14.5133
83.5333
218.556
625.945
4941.64
11.7009
11.5532
13.7586
86.1024
216.55
622.31
4941.07
11.9417
11.2562
14.0607
84.9948
217.055
624.035
4939.57
11.6267
11.4129
15.1722
84.9841
219.781
658.068
4925.58
12.1277
11.4002
14.2934
85.2772
218.335
624.135
4925.98
11.7431
11.5797
14.1714
95.1611
218.822
622.52
4942.22
11.9699
11.7151
15.9934
84.792
218.371
623.225
4924.45
11.8477
11.6027
13.9772
86.306
217.022
621.926
4926.39
12.024
11.9291
14.7869
86.1439
216.688
622.052
4925.24
11.892
11.9502
14.5768
84.6365
219.092
621.152
4927.48
12.0789
12.012
14.8839
85.2308
218.899
622.812
4927.99
12.8861
11.8162
14.7414
84.2619
218.441
620.468
4924.98
12.2343
11.8039
15.2331
86.4965
218.526
623.996
4940.47
12.0046
12.4375
14.5962
85.4204
220.381
624.007
4927.12
11.9183
12.0527
14.7512
86.4583
216.666
621.497
5107.14
12.3393
12.6245
14.1
84.3755
217.014
623.128
4928.31
11.9801
12.0955
14.5178
97.9629
218.877
621.233
4938.52
12.7992
11.7406
14.3671
86.9239
217.627
623.849
5025.47
12.1003
12.066
14.7445
84.4213
218.195
621.63
4927.84
12.3653
12.7097
14.4856
88.4026
218.369
622.629
4973.64
12.2002
12.4053
15.4843
85.4701
217.53
624.138
4929.05
12.4049
12.3252
15.0409
85.3697
219.231
624.687
4926.54
12.3153
11.9521
14.2558
87.3879
217.299
623.225
4942.81
12.0267
12.2926
14.9244
83.8003
218.77
624.13
4925.8
12.6319
12.2706
14.5676
85.283
221.791
623.823
4929.63
12.4012
12.5025
15.0639
87.2945
217.14
623.411
4941.15
12.4348
12.4939
14.6525
84.49
218.983
623.566
4942.32
12.2974
12.5638
14.9876
98.0118
218.486
621.23
4940.85
12.5105
12.1851
15.1964
86.7085
218.12
621.965
4941.05
12.647
12.5234
14.5336
85.9939
218.036
624.484
4940.34
12.5064
12.2007
14.9058
85.9261
219.37
622.606
4929.51
12.8501
12.6673
15.2937
85.1074
218.375
622.876
4940.38
12.3879
12.2173
15.2399
83.3627
218.542
621.241
4931.14
12.6641
12.2841
15.6168
85.5766
217.47
622.824
4930.32
12.5672
13.3954
15.5873
85.7381
218.54
626.524
4941.75
12.5331
12.6191
14.9253
86.0714
218.109
621.874
4944.28
12.5479
12.819
15.2817
87.5625
224.302
624.816
4941.63
12.5648
12.7632
15.1784
85.4268
217.854
625.952
4944.61
12.832
13.8899
15.1948
84.1604
229.679
622.779
5232.85
12.8306
12.5499
15.1218
86.076
221.569
622.014
5131.79
12.9099
12.8475
15.4535
83.39
218.153
623.105
4941.28
12.7225
13.3313
15.7397
86.2909
218.301
624.124
4941.09
12.6211
12.5313
15.3293
85.138
218.274
624.204
4929.71
12.862
12.758
15.0263
85.4589
219.754
624.039
4943.89
12.7353
12.576
15.4001
87.7451
218.498
632.232
4925.05
12.5068
13.213
15.6964
96.5832
216.828
621.943
4938.47
12.814
12.8836
15.2583
85.0349
216.635
622.46
4937.8
12.7726
12.4175
15.6737
85.3889
218.835
624.034
4938.69
13.1978
12.949
15.6601
86.7906
218.761
621.806
4938.46
12.581
12.7959
15.9555
86.4713
217.855
622.391
4926.56
12.765
13.1083
16.0136
84.1123
219.357
624.409
4923.2
13.1709
13.0158
16.0774
87.2027
219.075
622.888
4926.55
13.0464
13.3995
15.116
84.5647
217.221
625.387
4924.11
12.8371
13.2623
15.5544
85.9352
221.711
625.033
4923.33
13.2844
12.8931
15.333
87.2534
219.287
623.865
4937.62
13.004
13.3376
14.9035
85.1565
218.16
625.793
4930.04
12.9444
13.122
17.1272
98.8988
218.934
623.276
4938.33
13.3223
13.2007
15.9928
88.5219
219.011
625.364
4936.55
12.9401
13.4887
16.1872
86.1878
217.693
628.364
4923.4
13.0044
13.3277
15.6488
88.1404
217.788
624.259
4925.06
13.4532
13.7828
15.959
85.9435
218.092
623.404
4926.34
13.1054
13.2008
15.5677
86.8228
218.267
626.028
4924.23
13.1181
13.4988
16.3848
85.9619
221.633
622.552
4923.27
13.1991
13.3366
15.4793
88.139
219.476
624.161
4925.31
13.308
15.0042
15.6708
84.372
217.97
622.548
4925.81
13.2437
13.0229
15.0977
85.7311
219.375
623.311
4938.07
14.2687
12.9649
16.182
84.6054
218.843
634.019
4922.6
13.2361
13.7412
16.5247
86.5237
219.842
621.366
4939.61
13.907
13.3532
15.8048
85.2322
220
623.537
4940.58
13.3362
13.854
15.9372
86.1275
219.369
622.014
4938.53
13.5107
13.6168
15.7109
85.9619
216.882
626.253
4940.55
13.4982
14.0214
15.8084
86.435
221.287
622.028
4940.19
13.5618
13.1124
16.068
87.2401
217.704
623.006
4939.78
13.8292
13.3769
15.9125
88.2404
217.608
623.951
4939.69
13.57
13.8503
15.3669
85.082
220.006
624.687
4940.9
13.7804
13.9092
17.1874
86.0219
218.998
625.538
4925.13
13.3412
13.1934
16.0616
88.1797
217.624
624.319
4939.24
13.706
13.3349
15.8673
85.6994
234.096
624.56
4928.79
13.4836
13.3507
16.0444
85.2651
218.799
623.056
4925.59
13.6637
12.9754
15.3169
85.0751
220.186
623.175
4940.6
13.8126
13.7689
15.9975
89.063
220.75
624.96
4941.31
13.852
13.4651
16.5006
85.4785
220.827
622.926
4929.86
13.9226
13.5187
17.4731
86.6693
220.471
625.022
4940.03
13.7026
14.2721
16.0632
85.2925
217.659
625.669
4926.69
13.7724
13.787
16.1983
87.5853
220.578
626.555
4927.82
14.5427
14.2701
15.8555
87.1485
218.537
623.852
4926.07
13.9106
13.5139
15.8558
88.3458
217.986
624.375
4938.58
13.9795
13.851
17.1243
87.2772
219.34
623.931
4925.37
14.2938
14.4535
17.2047
100.857
219.345
623.413
5015.01
14.003
13.8413
15.9231
85.3159
217.874
624.689
4939.72
13.9982
13.8263
16.5887
85.2707
218.297
623.299
4926.6
13.6434
14.2782
16.3729
86.3712
220.058
622.758
4924.09
13.7554
13.7157
16.4914
87.8896
218.486
623.972
4941.78
13.9899
14.4572
16.1162
87.4513
220.532
621.376
4937.62
14.3978
13.8709
16.1152
85.8883
217.764
621.957
4939.56
14.0898
14.1578
16.6707
86.656
229.026
624.683
4955.66
14.0786
14.0207
16.8164
83.0134
220.165
624.794
4941.67
14.3667
14.4455
17.4154
86.8723
216.926
624.854
4940.96
14.1968
15.4581
16.247
86.3516
220.717
625.825
4938.03
14.0474
13.8961
16.6185
87.6095
220.129
625.056
4940.28
14.3482
14.6376
16.5185
86.8193
219.474
622.883
4924.5
14.3109
14.1153
16.172
87.2364
220.395
623.429
4938.63
14.2229
14.6465
16.8862
86.8165
220.468
623.57
4938.03
14.3839
14.3664
16.6113
89.3146
217.778
624.832
4927.11
14.1456
14.6553
17.0498
86.8118
217.031
624.185
4940.5
14.6339
14.4358
16.4075
87.4837
218.834
633.369
4926.72
14.3471
14.1373
17.3737
86.3531
219.474
621.761
4927.23
14.7881
14.5007
16.9871
89.3481
222.503
622.967
4942.17
14.546
14.5781
17.4398
86.922
220.948
626.224
4938.99
14.8099
14.4094
16.5761
87.0097
219.693
623.105
4924.45
14.6673
14.6218
17.195
87.4436
220.176
624.809
4928.01
14.3971
14.4623
16.9147
88.4759
219.524
622.72
4926.26
14.7359
14.3795
17.3216
87.6521
220.201
624.348
4925.44
14.9292
14.4932
17.6173
86.7693
217.388
622.238
4939.14
14.5893
14.3659
17.1995
85.6282
220.739
624.291
4941.69
14.7934
15.346
17.1508
84.7226
218.959
625.052
4927.48
14.6077
14.5603
16.8553
86.917
227.152
625.954
4939.4
14.7076
14.3024
17.7697
86.3113
223.332
624.288
4927.33
14.7134
14.592
17.4892
87.681
219.883
643.925
4941.15
14.9291
15.0763
16.8832
86.1831
221.248
624.954
4925.92
14.4477
15.9843
17.2606
88.5364
220.443
622.201
4928.9
14.6684
15.4521
17.3453
86.4479
218.265
623.995
4939.61
15.056
14.5524
17.302
87.6092
220.049
625.838
4937.61
14.834
14.6194
17.4065
88.4819
229.24
625.462
5179.71
15.4759
15.0812
17.2748
88.5814
223.695
622.075
4927.03
14.8147
14.4722
17.1735
87.1953
220.646
622.474
4981.24
14.9286
14.5836
17.8263
87.1924
218.575
633.812
4940.89
14.9104
14.8005
17.436
87.798
219.377
623.348
4941.79
14.9884
14.4655
17.2563
87.1188
221.056
624.874
4928.84
15.2712
15.2572
17.4435
88.2459
219.548
624.939
4928.72
15.0013
14.9426
16.87
88.583
221.278
625.83
4926.37
14.8604
14.8991
17.5153
87.2734
219.457
622.232
4931.72
15.3002
14.8947
17.2439
91.1972
218.291
624.891
4941.98
15.1255
15.1621
19.214
87.3469
218.632
624.241
4927.11
15.0954
15.3536
17.7633
88.0342
217.957
621.505
5062.03
15.1481
15.119
17.165
89.9926
220.171
623
4925.96
15.4008
15.1129
17.5048
87.5693
219.473
628.733
4941.99
15.0711
14.8218
17.7439
91.0247
220.496
623.99
4941.7
15.2756
15.5063
17.604
89.275
217.763
623.115
4928.77
15.3455
15.1411
21.6241
86.9043
220.478
623.891
4940.59
15.1672
16.0401
17.7828
87.6906
219.332
625.457
4928.42
15.2252
14.8108
18.411
88.1746
218.593
624.182
4941.05
15.6996
15.2171
17.4205
87.7089
221.074
625.092
4997
15.4944
15.0844
18.2697
86.6311
230.006
623.7
4929.44
15.5856
14.8603
18.3027
87.8706
220.22
625.445
4928.56
15.3726
15.4535
18.1253
87.4587
220.321
621.881
4925.95
15.2209
15.6319
18.1447
86.6677
221.333
623.462
4927.51
16.157
15.2369
18.0034
89.6332
219.633
625.418
4940.43
15.638
15.4597
17.6098
87.3869
219.406
623.872
4927.3
14.9455
15.2743
18.086
87.1895
222.504
631.988
4940.93
15.6014
15.077
18.1491
87.6152
218.549
626.934
4983.89
15.5269
15.7281
17.684
88.0216
227.439
632.234
4942.44
15.817
15.4312
17.8459
90.3592
217.679
623.855
4943.07
15.9385
15.4551
18.4996
88.1386
218.8
638.144
4940.91
15.8528
15.5578
18.4983
87.921
219.022
624.588
4927.66
15.5523
15.9873
18.3881
87.8827
218.164
625.311
4929.1
15.6478
15.1577
18.1898
87.8986
220.057
622.183
4925.84
15.9857
15.0225
18.7859
87.4525
218.792
626.702
4941.61
15.7401
15.5384
18.6654
87.0775
219.069
624.625
4942.14
15.8408
15.8757
17.8815
90.2826
221.782
623.893
4927.78
15.8907
15.3974
19.2409
85.9978
220.9
628.042
4941.87
15.5558
16.0236
18.052
90.194
220.354
623.487
4928.93
15.9193
15.5811
18.1383
87.376
221.7
623.996
4928.06
15.8164
16.1908
18.2032
89.9088
218.378
631.633
4944.4
16.0545
15.4523
18.8271
86.8414
222.009
626.367
4929.01
15.2699
14.787
18.1849
88.4277
220.957
621.961
4941.89
15.9902
16.04
18.4563
90.3055
219.993
622.445
4929
15.517
15.273
18.8398
88.7754
219.281
626.518
4940.79
16.1263
16.0369
17.9006
84.63
218.516
626.382
4942.63
16.1066
16.0701
18.3856
87.6496
218.923
623.897
4940.65
16.6825
16.1047
18.3918
90.9321
224.271
625.054
4939.75
16.0212
15.6922
18.5057
87.265
221.054
622.25
4941.94
16.4384
16.9554
18.2827
89.4102
221.421
624.093
5409.44
16.1963
15.8272
18.5665
88.5349
219.238
635.532
4942.9
15.8587
16.8853
18.3743
89.6114
221.152
623.519
4942.32
16.4216
16.5515
18.5903
89.9685
221.661
625.402
4941.62
15.9574
16.0667
18.9056
89.0961
226.19
621.656
4945.05
16.5262
16.7144
18.6065
87.8677
221.591
627.111
4929.78
16.0685
15.9033
18.6116
88.8872
218.813
624.53
4942.2
16.7728
16.274
18.8935
86.1408
221.021
630.154
4942.1
16.6833
16.1305
19.1106
89.8345
221.074
624.368
4928.29
16.4085
16.7233
19.0756
88.5049
219.155
621.709
4927.87
17.3616
15.9519
18.7872
86.8542
222.296
624.591
4926.79
16.4484
16.4436
18.8432
86.7221
221.384
636.806
4930.8
17.6222
16.3902
18.4142
88.5345
218.709
625.368
4940.88
16.5142
16.6158
18.4047
89.3739
219.934
629.245
4932.4
16.599
17.5254
19.6122
90.4911
218.841
624.295
4945.15
16.2536
16.8015
19.08
90.2128
220.52
626.763
4941.81
16.878
16.3051
19.262
85.5986
222.454
625.844
4927.26
16.5991
16.6363
18.1562
85.7623
233.452
626.828
4941
16.5946
17.0376
18.8691
88.0924
220.257
627.649
4929.78
16.5848
15.9775
19.3335
87.9305
220.354
623.151
4927.39
16.5264
16.6347
19.1126
87.628
221.211
630.952
4929.53
16.8036
16.3179
18.6415
90.0256
219.566
625.085
4943.77
16.5872
16.9048
19.6486
86.5311
220.408
622.091
4943.46
16.852
16.3898
19.0844
89.706
219.911
629.63
4929.03
16.729
16.9588
20.3421
90.5961
221.976
624.54
4940.86
17.0001
17.2426
18.9924
93.5831
217.908
623.216
4977.2
16.7868
16.5811
19.1955
89.0618
221.424
629.342
4943.02
17.0776
16.3838
19.1078
86.7172
233.465
627.804
4942.36
16.6781
16.8557
19.4999
90.0325
219.653
623.145
4942.13
16.653
17.144
19.2493
88.7687
232.16
623.933
4931.25
16.7595
16.5795
19.0567
89.7255
219.111
622.728
4929.81
16.6984
17.0958
19.1645
88.7002
226.445
623.132
4942.15
16.8317
17.0174
19.4346
88.4237
222.672
624.696
4942.68
16.9069
16.9787
19.3864
89.0352
220.07
624
4947.01
16.7207
16.2407
18.9285
89.0415
219.034
626.17
4934.98
16.8312
16.6005
18.8885
89.8888
222.215
624.818
4931.15
16.9201
17.0744
19.1066
90.2306
221.719
625.129
4943.13
17.3023
17.0391
18.9249
92.2595
225.256
623.503
4946.42
17.2644
18.1172
19.4072
88.3143
219.934
624.475
4929.33
17.013
17.3156
20.6527
89.3002
221.082
625.229
4923.62
17.1264
17.2429
19.4836
89.092
219.986
624.024
4938.98
16.9831
17.0072
20.3345
87.4886
220.796
627.169
4939.86
17.1124
16.8282
19.9408
93.1794
219.867
626.235
4966.5
16.9904
17.7099
19.6024
92.1316
220.468
624.084
4938.76
17.0079
17.2452
19.7986
89.3828
220.883
624.836
4939.19
17.3102
17.537
19.0268
94.3245
220.027
623.742
4938.45
17.1552
16.673
20.5736
88.7768
220.664
625.771
4938.59
17.2044
17.4296
19.8394
89.2762
229.622
624.476
4938.56
17.2673
17.5178
19.8083
92.0587
219.313
622.987
4940.35
17.3785
17.4424
19.4966
91.6106
219.86
626.45
4925.43
17.227
17.1126
20.1847
90.3992
220.482
622.3
4944.2
17.4386
18.624
19.8173
90.1005
220.596
621.951
4940.36
17.5381
17.6753
19.515
88.742
219.823
623.497
4940.99
17.4916
17.4266
20.4164
87.6936
219.049
625.911
4938.87
17.4007
17.1817
19.9244
90.3546
223.041
623.632
4925.28
17.3881
18.5935
20.1609
91.259
218.716
623.515
5013.75
17.9161
17.3202
22.4542
88.7806
221.109
626.704
4925.7
17.4793
18.2991
19.9819
90.1733
234.455
624.493
4926.84
17.4037
17.7992
20.0092
88.3609
220.494
625.284
4925.74
17.6003
18.0187
20.7078
88.7373
223.456
626.398
4924.48
17.7345
17.7551
21.1846
92.809
220.274
624.185
4927.21
17.6335
17.5355
19.7902
91.8181
221.092
630.765
4926.27
17.6301
17.8417
22.3185
89.5473
219.269
623.2
4942.86
17.7664
17.5374
20.0572
89.7986
223.619
638.444
4927.23
17.7755
18.1915
21.0318
89.8674
223.72
625.547
4940.55
18.2538
18.1682
19.9565
90.6475
223.059
626.443
4925.7
18.0632
17.5932
20.3651
89.3811
218.371
627.309
4939.55
17.7975
17.653
20.489
88.8703
221.527
625.367
4927.56
17.6849
17.3644
19.8822
89.0356
221.582
624.532
4939.53
18.1581
17.5527
19.9621
89.8399
224.064
624.265
4928.54
18.2203
18.9952
20.2471
91.1551
221.18
624.419
4938.58
17.7966
19.145
20.8588
90.2819
221.962
626.111
4941.62
17.9259
17.8216
20.5955
91.81
218.025
626.724
4941.07
18.1685
18.5832
20.278
94.6087
221.799
643.439
4941.19
17.8043
18.261
20.82
90.1298
221.906
625.73
4926.35
18.1399
18.1522
19.9998
90.4611
220.888
627.408
4941.11
18.0769
17.5193
23.2256
89.793
220.82
625.639
4938.91
18.0218
17.374
20.3036
88.1249
222.068
625.195
4924.85
18.481
17.5654
20.7577
93.281
222.618
630.192
4927.83
18.1506
17.7427
20.4339
91.8649
221.067
623.401
4940.05
18.1149
17.3856
20.1013
90.5722
220.153
623.582
4928.64
18.527
18.0835
21.5019
92.2325
223.176
625.576
4940.75
17.7491
18.0438
21.1511
92.5498
220.375
637.045
4927.55
18.0916
18.6528
21.3263
89.5442
220.5
624.449
4939.15
18.2413
18.0532
21.9245
90.0426
222.765
629.02
4940.72
18.4048
19.1574
20.6821
94.825
223.463
626.502
4940.91
18.1551
17.8605
21.4298
91.0316
220.732
626.644
4926.81
18.7152
17.9973
21.0511
90.7952
223.039
624.449
4943.13
18.5358
18.4262
20.8685
89.8445
222.873
624.121
4927.37
18.7473
18.1286
20.2628
89.6622
221.047
626.408
4927.51
18.4087
19.562
20.764
89.1772
223.298
625.799
4940.42
18.3074
18.1752
20.8421
90.7097
220.565
626.389
4939.93
18.3446
18.4966
20.8199
89.4656
228.137
627.051
4939.8
18.5186
18.4914
20.59
94.5012
217.25
627.765
4941.57
18.4598
18.6123
20.5705
91.1068
220.03
626.757
4926.12
18.5173
18.9625
20.5489
91.3538
223.621
627.083
4927.93
17.9712
18.447
20.9202
91.6051
221.466
623.989
4925.07
18.5214
18.8452
20.6642
89.677
222.349
623.433
4925
18.5956
18.1143
21.0598
89.2123
220.301
627.052
4945.55
18.5822
18.4207
20.7171
93.2537
221.473
622.515
4928.54
18.3923
18.7853
20.7865
92.515
225.9
627.139
4927.55
23.5696
18.7378
21.9556
92.3335
222.477
624.343
4941.05
18.9869
19.4582
21.5788
92.5092
222.231
622.742
4929.06
18.7432
19.7771
20.7355
91.7727
223.06
624.822
4927.13
18.5412
18.1483
21.8689
91.192
224.609
626.976
4926.87
19.6047
18.3758
21.0807
91.1005
224.756
629.784
4938.62
19.1264
18.4497
20.7709
92.5367
221.883
627.993
4929.27
19.0186
18.9081
23.262
93.4009
224.432
624.558
4941.2
19.1758
18.5982
21.4631
90.3693
222.418
624.531
4941.04
18.7518
18.9749
20.7697
90.5149
221.54
639.399
4926.88
18.5881
20.205
21.0372
91.1185
221.861
624.045
4941.26
19.0256
18.7309
21.5042
90.5155
223.184
625.665
4940.98
18.8511
19.4972
21.7322
90.6444
221.565
627.424
4927.97
18.7878
18.5212
20.7034
90.8184
219.737
623.726
4927.84
18.8932
19.7696
21.3639
90.8279
222.382
624.978
4940.66
18.7946
19.1457
22.0801
93.5264
222.655
628.384
4940.75
19.065
18.9575
20.863
89.4047
220.551
628.701
4927.9
19.2283
19.8197
21.4456
92.1714
222.012
628.051
5097.19
18.9208
19.591
21.7582
90.7492
222.003
627.181
4927.32
18.996
18.982
21.6215
92.8594
234.896
624.42
4926.92
19.9008
19.0132
22.7739
93.7695
221.1
625.804
4927.14
19.229
20.0327
21.0576
91.2451
221.538
626.734
4938.71
18.8063
18.6569
21.5085
91.5416
224.552
626.933
4940.64
19.2004
19.2801
21.8434
90.8346
220.883
627.222
4941.79
19.4946
19.3835
21.5514
92.0482
223.152
625.087
4926.98
19.2076
18.9722
22.5644
91.7762
222.319
627.501
4941.28
19.3832
20.0419
21.5468
92.4526
225.427
624.513
4940.69
19.4173
18.9816
21.4378
92.4214
222.41
626.025
4942.91
19.3279
18.7722
21.3579
91.1999
222.074
623.735
4929.34
19.4696
19.8283
21.8335
90.5965
222.952
626.777
4941.49
19.4717
19.6908
22.5323
90.1954
223.402
628.107
4939.96
19.1881
20.0747
21.346
92.4738
221.237
625.828
4938.72
19.7714
20.491
22.2592
91.2614
224.844
629.473
4928.73
19.5403
20.1435
23.1627
93.0183
223.155
625.873
4942.51
19.448
19.7629
21.8837
91.2359
221.035
622.873
4927.62
19.7207
19.7543
21.655
91.0987
221.388
623.404
4940.16
19.2673
20.0517
22.1636
91.4096
219.422
628.344
4929.51
19.4641
20.2435
22.2997
92.2169
225.845
630.851
4928.31
19.1947
19.1253
21.9618
94.9482
224.713
624.866
4943.7
19.4724
20.644
22.0361
92.6377
224.186
624.45
4940.8
19.7993
20.8231
23.3935
95.7551
222.153
627.1
4940.58
19.7415
19.2445
23.5081
91.6254
223
627.118
4927.31
19.839
19.8956
22.2235
92.4795
222.029
625.494
4927.66
19.6568
19.4077
22.197
92.3447
225.29
625.542
4927.78
19.8015
19.3699
21.6833
94.3806
223.103
625.153
4927.46
20.2701
20.352
21.5207
91.3076
225.009
629.215
4929.58
19.8247
19.0873
22.7226
90.9583
223.302
625.43
4927.99
19.9039
19.6707
22.6911
92.4932
222.98
637.653
4927.84
19.9306
19.6804
23.6579
95.633
221.825
626.128
4942.23
20.5213
19.8095
22.9771
93.2047
224.28
628.272
4927.38
20.0624
19.9211
22.4211
91.577
223.814
630.737
4939.7
19.8629
20.6942
22.143
92.5363
222.63
628.993
4929.15
19.8609
20.9323
22.4695
92.6376
224.613
627.323
4940.37
19.7453
20.0296
23.7357
90.7516
226.521
625.793
4927.36
20.6669
20.1143
22.6992
92.3515
227.769
626.657
4929.64
20.0692
19.7617
22.1255
94.4123
222.185
626.552
4929.6
20.102
19.6204
22.4305
89.3155
224.344
646.999
4940.85
20.156
20.7941
22.5666
91.8516
235.781
627.534
4942.37
19.3321
19.3867
22.5321
91.1185
225.373
624.471
4942.14
20.3695
20.3834
22.3889
92.014
223.474
625.705
4941.33
20.5288
22.968
22.1391
91.7719
219.748
626.325
4941.86
20.1092
20.903
22.7724
92.7861
224.094
626.166
4941.94
20.0313
21.1522
22.6765
92.5145
222.841
627.495
4930.56
20.5037
20.5793
22.8698
93.4135
224.531
625.453
4942.65
20.2552
20.3661
22.7977
93.325
223.897
630.229
4941.49
20.5845
20.1264
22.7609
93.2059
222.595
627.112
4929.47
20.1237
20.8321
23.2118
92.0147
223.555
626.683
4939.94
20.461
21.5209
22.8608
95.5279
219.92
626.069
4941.66
20.4375
20.4205
23.6291
95.3662
223.063
625.898
4928.3
20.869
21.547
23.5059
92.8236
223.338
625.359
4933.7
20.5507
20.1941
22.6948
92.5183
222.851
626.655
4928.38
20.4264
21.1603
23.8706
94.0899
225.684
625.409
4929.39
20.6442
20.7229
23.1611
96.0524
222.841
624.668
4929.53
20.7356
20.1315
23.0535
92.9199
221.535
627.716
4929.1
20.7141
21.3157
23.5637
92.7524
221.54
628.621
4942
20.6491
20.1588
24.2736
93.4437
223.673
628.706
4928.02
20.7171
21.966
23.2836
93.5489
224.428
626.58
4929.68
20.5147
20.6888
23.4305
94.1171
222.456
627.109
4929.57
20.6022
20.934
24.3425
94.2074
223.175
626.919
4929.93
20.7137
20.9632
22.7951
93.9179
224.788
624.138
4927.36
20.5337
20.6149
22.8807
88.3576
224.151
626.981
4929.92
20.7347
20.4711
23.1183
94.3019
223.443
640.353
4927.37
20.6058
21.0191
23.0099
94.5924
220.188
625.157
4941.36
20.6604
20.2984
23.3422
92.5471
227.163
632.631
4942.17
20.6568
20.4099
24.9099
91.7468
222.301
627.77
4928.87
20.8203
22.1661
23.8271
91.7088
224.406
627.411
4929.08
20.6544
21.8096
22.8495
93.5442
224.498
637.909
4942.92
20.9599
21.0729
23.1711
91.2504
224.797
624.52
4929.12
20.6512
21.5225
24.7008
93.2033
220.294
626.327
4942.87
21.2437
20.9152
23.2392
93.328
225.123
626.977
4929.68
21.121
21.5139
23.174
92.5451
227.415
634.755
4941.64
21.1022
20.861
23.7798
93.5134
224.194
627.669
5152.67
20.8614
22.272
24.8793
92.908
222.671
624.738
4943.31
21.189
20.6894
25.0201
92.0695
221.865
625.081
4943.23
20.2822
21.4602
23.0206
93.9661
225.194
629.463
4940.92
21.2445
20.0158
24.1097
93.8858
221.983
628.569
4941.54
20.9391
21.7246
23.2416
94.9359
222.903
627.798
4942.94
21.5502
21.2546
23.1426
95.0302
222.695
627.141
4929.55
21.2718
20.702
23.5751
93.6295
224.603
627.598
4928.72
21.2617
20.8592
23.9963
91.847
222.237
630.3
4941.48
21.2875
20.9655
24.2748
94.6961
222.715
625.188
4927.19
21.1443
20.5509
24.704
93.9388
223.83
623.299
4929.44
21.4215
22.002
24.0466
94.4782
224.66
622.7
4942.98
21.3391
22.4889
24.8014
89.3325
222.601
626.359
4929.47
21.6272
21.478
23.9517
94.7877
222.022
625.355
4933.64
21.6419
22.5722
23.7339
90.7811
222.887
625.131
4943.86
21.0798
22.1748
23.5768
93.1566
226.451
629.448
4930.06
21.359
21.729
24.0603
93.0992
223.596
627.677
4941.01
21.3188
21.2056
25.0544
94.006
220.751
623.524
4929.45
21.7006
22.6595
25.2385
92.9764
226.111
652.412
4930.58
21.6852
21.8783
23.7761
93.2784
222.719
628.19
4941.02
21.7142
21.6901
24.453
95.4404
222.518
627.722
4942.78
21.7086
21.1066
24.2658
94.7095
225.004
625.295
4939.75
21.5678
21.363
23.5866
93.5798
223.794
627.662
4929.55
21.4998
22.1897
24.1893
95.8809
223.433
625.591
4945.41
23.229
22.4087
25.2523
94.5011
222.665
628.865
4931.9
21.7058
22.0592
24.6378
93.4395
225.27
628.413
4930.78
21.6917
21.9164
24.574
91.4537
224.31
623.982
4929.3
21.3827
21.3479
27.5269
92.9149
226.397
628.059
4943.28
21.4278
21.5005
24.1403
93.5241
223.955
624.044
4941.88
21.8949
21.6523
24.6231
93.7265
222.806
625.778
4941.46
22.337
21.4101
24.2459
95.3751
225.918
625.702
4974.1
21.7139
22.5045
25.4924
94.7755
224.568
626.716
4942.69
21.6557
21.66
23.9861
96.9157
225.088
627.758
4942.48
21.9578
21.6911
24.5625
94.0053
230.59
625.344
4944.61
21.9725
21.6084
25.6852
94.4492
226.82
626.639
4932.23
21.9341
21.2652
26.3478
94.2122
224.551
626.373
4928.32
22.3068
21.7762
24.1879
94.1938
223.067
624.387
4941.53
22.2719
21.7313
24.4248
93.8432
226.739
628.762
4946.38
22.1439
21.0289
24.6352
94.7457
226.166
627.413
4941.15
22.1679
22.2446
24.7716
94.5379
227.21
631.02
4931.27
22.1277
21.6086
24.3923
91.8178
224.667
628.553
4935.03
22.0588
22.0174
24.9637
94.0304
223.199
630.355
4930.41
22.0758
22.8391
24.8502
94.3621
251.93
628.087
4929.84
22.3932
22.252
25.2427
96.5857
222.29
629.106
4943.99
21.9439
23.1718
24.6833
92.7319
225.607
629.483
4928.68
22.5653
22.9163
25.3289
97.2194
228.118
627.454
4942.52
22.2744
22.1942
25.7615
93.2917
223.288
631.961
4930.08
22.4169
22.9122
24.7248
93.1069
224.187
624.904
4943.65
22.0824
22.7784
27.5217
94.2929
224.927
626.457
4950.32
22.2898
22.7174
24.451
96.394
224.081
627.25
4932.33
22.2091
22.4998
25.0605
95.6493
225.786
626.05
4943.05
22.3284
22.4553
24.4415
94.5382
225.938
641.357
4931.02
22.5446
22.6108
26.5239
96.5146
224.625
624.397
4931.04
22.0916
23.2313
25.1657
94.6526
226.227
628.185
4943.02
23.0808
22.9612
27.0471
96.1902
222.988
624.452
4930.63
22.2617
21.8203
27.0101
93.616
226.929
626.038
4931.53
22.5382
23.5423
27.8122
95.171
226.737
626.956
4929.71
22.6716
23.2291
24.8534
93.9513
226.388
630.109
4932.29
22.652
23.0504
25.03
95.7183
223.678
628.941
4928.59
22.1575
22.9793
25.4732
93.2755
222.059
629.148
4941.99
23.0166
22.3478
26.7055
95.75
226.711
639.341
4928.95
22.7308
23.0508
27.0664
96.1629
227.32
627.445
4935.21
22.6608
23.1935
24.8181
95.2524
223.878
628.552
4930.35
22.5984
22.6982
25.2822
96.2557
223.591
626.752
4930.77
22.5877
23.5642
25.4955
95.7399
225.267
632.402
4930.74
22.9265
23.0828
26.526
95.1914
225.716
629.757
4931.33
23.0052
23.2186
26.7883
94.7923
225.611
626.991
4931.34
22.5146
22.0754
26.4103
98.0787
226.582
628.671
4944.11
22.8128
22.3022
25.5805
94.7536
223.464
627.65
4944.24
23.7347
22.6734
25.8417
96.3936
226.939
626.87
4930.63
22.7671
23.607
27.0785
95.7855
225.183
625.336
4944.31
22.5611
22.4546
25.0704
93.5559
224.879
628.097
4942.74
22.7909
23.4338
26.4922
99.2529
224.716
629.274
4944.27
22.8575
23.3419
26.9065
94.8979
224.507
629.049
5228.06
23.0923
24.0946
25.7273
96.1337
220.853
628.261
4929.16
22.8327
23.3113
29.0053
98.3083
225.193
628.706
4932.27
23.3195
23.0421
25.3086
96.439
223.199
630.708
4945.18
22.9535
23.0424
26.1201
95.4285
224.749
629.631
4942.63
22.9695
22.8954
25.6485
95.9108
227.154
624.86
4929.92
23.6019
23.856
26.4629
94.4836
227.234
628.228
4932.01
23.2211
23.8364
26.0843
96.8078
224.921
629.737
4929.41
22.7486
23.1856
28.9767
98.0338
227.841
626.502
4947.76
23.0917
23.0921
28.4383
94.6645
225.138
630.803
4930.98
23.2274
22.3357
25.9688
96.6857
226.271
628.61
4931.82
22.9581
22.9939
27.0565
96.8454
226.841
629.742
4931.31
23.022
24.3252
25.5168
99.5017
233.201
630.456
4931.83
23.2399
23.0906
26.6955
96.5543
229.63
633.008
4943.9
23.0072
22.8398
25.2722
94.7987
226.609
626.67
4931.79
23.1838
22.4719
25.9263
97.7667
224.461
627.529
4930.09
23.1258
22.7438
25.6592
95.5026
230.475
626.627
5115.6
23.4484
23.5997
25.6036
97.8517
224.717
627.614
4933.58
24.5036
22.7445
26.4849
95.44
228.962
627.069
4931.95
23.2067
23.1294
26.8043
95.0491
239.166
627.869
4930.71
23.3005
22.653
27.0291
95.5868
226.08
628.833
4942.82
23.3482
23.4168
25.7196
98.1929
228.164
628.944
4944.19
23.7084
22.9673
26.2507
97.1752
225.639
629.953
4929.25
23.5916
23.6513
26.4753
96.8795
229.793
628.656
4930.52
23.6198
22.5204
28.0847
95.8461
223.787
631.227
4943.19
23.0949
23.6765
27.1559
97.5367
225.734
628.079
4931.29
24.0714
23.2426
26.9736
101.392
225.501
627.183
4934.03
23.5458
24.2685
27.3705
95.6846
235.059
629.182
4946.87
24.3659
23.691
26.1349
97.5791
229.17
627.477
4943.97
23.8468
24.7138
29.6974
96.9657
227.838
628.232
4931.18
23.6433
23.5663
26.6628
96.1042
228.422
626.661
4946.24
23.6894
23.1368
27.0268
95.2869
222.899
624.756
4932.91
23.3835
22.7228
27.7045
95.856
225.378
630.081
4933.53
23.7548
23.7471
27.7577
94.6656
226.161
628.119
4944.14
23.523
23.8456
26.9289
97.343
228.063
629.475
4944.81
23.9689
24.9788
26.9541
97.1198
224.783
627.245
4931.52
24.2174
24.3729
26.4274
98.2866
226.364
631.666
4948.32
24.9511
23.7511
26.1229
96.2069
226.93
629.682
4942.63
24.2315
23.4813
27.1869
100.222
227.137
626.52
4931.81
24.2919
24.236
27.8659
96.6644
228.407
625.055
4943.34
23.7936
23.4367
27.9441
94.5843
227.093
625.247
4939.91
23.8028
27.7936
28.1111
95.7789
227.022
627.537
4948.62
23.7652
23.8573
27.3889
96.0167
225.434
625.609
4945.8
24.2126
23.5405
31.1576
95.7338
224.023
631.122
4946
24.0819
23.6969
27.3936
97.3238
225.97
629.478
4952.98
24.9051
24.973
26.8435
97.2973
226.267
630.341
4935.44
23.9667
24.9652
26.4254
97.9585
231.981
631.212
4943.99
23.2822
23.4257
27.5021
97.139
226.413
629.95
4946.6
24.1087
24.8764
27.5241
96.3439
228.466
632.408
4947.47
23.9714
23.686
27.1479
99.7864
225.376
628.512
4933.94
23.8647
24.3242
27.7397
96.7889
226.594
627.701
4937.37
23.9115
23.7177
28.3236
96.0301
240.011
642.699
4933.45
24.3391
23.8223
26.8682
95.6822
229.639
629.176
4944.31
24.222
24.0995
26.5353
95.4675
225.924
631.564
4930.71
24.4745
23.2076
26.7442
97.1367
228.708
628.943
4943.51
24.3001
24.9283
27.4431
96.0278
225.97
626.62
4931.83
24.0587
24.8286
27.78
99.1932
228.381
626.498
4946.9
24.4281
24.728
27.3286
94.5964
231.91
627.996
4933.66
26.0256
25.0899
27.0355
99.084
228.468
625.114
4945.89
24.3066
23.5544
26.7789
97.449
228.975
630.437
4946.02
24.4242
25.3201
31.8853
97.7917
223.906
628.279
4931.59
23.9491
24.1649
28.9089
95.7285
224.647
629.925
4930.04
24.7359
25.2896
27.6747
95.5614
228.902
631.044
4945.36
24.2835
24.5647
27.8161
97.4503
227.638
626.089
4944.2
24.7457
23.8002
27.408
99.8804
226.456
628.692
4943.32
24.3134
25.5748
26.9698
96.2365
228.233
627.939
4932.12
24.418
24.5369
28.288
96.4308
228.267
628.68
4939.41
24.1287
24.3973
28.4488
97.1436
226.996
630.281
4947.44
24.4492
25.2174
27.4019
97.6258
226.764
624.899
4954.81
23.8732
25.4305
27.3473
96.3604
224.199
626.977
4931.59
25.0057
23.6945
29.6013
96.8788
232.269
629.811
4933.77
24.8072
25.0819
27.0472
95.5435
229.626
630.14
4948.87
24.9123
24.8669
28.1919
97.1939
225.26
632.864
4945.29
24.7272
24.5936
28.5469
96.7044
229.123
630.142
4946.38
24.7788
24.9435
26.707
97.5424
227.819
629.831
4933.36
24.6881
25.3674
27.7959
96.5076
226.969
628.885
4932.12
24.8645
25.4442
27.724
96.6907
225.847
627.188
4944.54
24.5529
26.462
33.2635
100.781
234.869
628.315
4933.45
24.9218
25.2535
27.5007
96.8096
227.845
625.731
4945.41
24.9203
24.029
28.1738
98.8159
226.811
628.767
4947.56
25.1834
25.5207
28.0818
99.0867
226.609
627.566
4933.95
24.5287
25.4097
28.1826
99.6427
226.729
629.988
4945.67
24.6599
24.4663
27.7236
97.3649
227.828
629.697
4947.6
24.999
25.1211
30.9854
98.1775
231.504
627.356
4931.59
24.8862
25.6797
27.7816
97.7901
227.781
626.879
4942.85
27.1965
26.9639
28.5727
98.0559
228.11
629.342
4932.39
25.0419
24.8954
28.8229
97.794
227.509
630.19
4947.13
25.3748
24.7285
29.0421
97.5273
228.926
631.765
4934.99
24.9003
24.8213
28.0795
96.6317
231.328
630.756
4966.66
25.1774
25.0111
27.4592
98.4167
231.07
627.291
4947.44
24.568
25.273
27.9559
99.5308
226.06
630.634
4932.51
25.467
24.8851
29.8547
97.9308
229.436
630.799
4945.67
25.0939
25.1576
28.5658
97.2243
229.511
631.772
4945.98
25.2184
24.9304
29.8965
103.231
230.575
627.859
4934.63
25.7704
25.2153
27.4365
96.6234
226.624
630.631
4944.53
25.3108
25.3053
28.4804
98.2474
229.395
634.601
4943.32
25.1838
25.6819
29.0557
97.8023
227.834
629.82
4934.16
25.6618
25.3073
28.7807
100.192
228.429
627.664
4932.82
25.5822
25.0138
28.6846
96.5448
225.23
628.281
4932.65
25.3848
26.6071
28.5519
97.0277
227.093
633.841
4931.85
25.4831
27.739
31.3287
97.5182
228.573
630.853
4945.91
24.9609
25.9201
28.8917
95.5427
228.984
639.475
4946.85
25.223
26.5537
28.8004
97.6448
232.45
629.357
4932.47
25.8168
25.1144
28.4433
98.8372
228.951
630.031
4932.5
25.5474
26.1747
28.9897
99.4275
231.279
629.728
4932.47
25.7439
25.1801
28.0949
98.514
227.966
626.529
4945.93
25.3122
26.5282
28.658
97.4871
228.014
627.34
4944.79
25.5886
26.5577
28.4307
99.0304
228.844
629.695
4930.72
26.1743
26.7976
28.7282
98.3352
227.948
629.763
4944.84
